5 5 5
0 100000 25000 25000 100000 100000 50000 20000 20000 50000 25000 20000 12500 12500 20000 25000 20000 12500 12500 20000 100000 50000 20000 20000 50000 
100000 0 100000 25000 25000 50000 100000 50000 20000 20000 20000 25000 20000 12500 12500 20000 25000 20000 12500 12500 50000 100000 50000 20000 20000 
25000 100000 0 100000 25000 20000 50000 100000 50000 20000 12500 20000 25000 20000 12500 12500 20000 25000 20000 12500 20000 50000 100000 50000 20000 
25000 25000 100000 0 100000 20000 20000 50000 100000 50000 12500 12500 20000 25000 20000 12500 12500 20000 25000 20000 20000 20000 50000 100000 50000 
100000 25000 25000 100000 0 50000 20000 20000 50000 100000 20000 12500 12500 20000 25000 20000 12500 12500 20000 25000 50000 20000 20000 50000 100000 
100000 50000 20000 20000 50000 0 100000 25000 25000 100000 100000 50000 20000 20000 50000 25000 20000 12500 12500 20000 25000 20000 12500 12500 20000 
50000 100000 50000 20000 20000 100000 0 100000 25000 25000 50000 100000 50000 20000 20000 20000 25000 20000 12500 12500 20000 25000 20000 12500 12500 
20000 50000 100000 50000 20000 25000 100000 0 100000 25000 20000 50000 100000 50000 20000 12500 20000 25000 20000 12500 12500 20000 25000 20000 12500 
20000 20000 50000 100000 50000 25000 25000 100000 0 100000 20000 20000 50000 100000 50000 12500 12500 20000 25000 20000 12500 12500 20000 25000 20000 
50000 20000 20000 50000 100000 100000 25000 25000 100000 0 50000 20000 20000 50000 100000 20000 12500 12500 20000 25000 20000 12500 12500 20000 25000 
25000 20000 12500 12500 20000 100000 50000 20000 20000 50000 0 100000 25000 25000 100000 100000 50000 20000 20000 50000 25000 20000 12500 12500 20000 
20000 25000 20000 12500 12500 50000 100000 50000 20000 20000 100000 0 100000 25000 25000 50000 100000 50000 20000 20000 20000 25000 20000 12500 12500 
12500 20000 25000 20000 12500 20000 50000 100000 50000 20000 25000 100000 0 100000 25000 20000 50000 100000 50000 20000 12500 20000 25000 20000 12500 
12500 12500 20000 25000 20000 20000 20000 50000 100000 50000 25000 25000 100000 0 100000 20000 20000 50000 100000 50000 12500 12500 20000 25000 20000 
20000 12500 12500 20000 25000 50000 20000 20000 50000 100000 100000 25000 25000 100000 0 50000 20000 20000 50000 100000 20000 12500 12500 20000 25000 
25000 20000 12500 12500 20000 25000 20000 12500 12500 20000 100000 50000 20000 20000 50000 0 100000 25000 25000 100000 100000 50000 20000 20000 50000 
20000 25000 20000 12500 12500 20000 25000 20000 12500 12500 50000 100000 50000 20000 20000 100000 0 100000 25000 25000 50000 100000 50000 20000 20000 
12500 20000 25000 20000 12500 12500 20000 25000 20000 12500 20000 50000 100000 50000 20000 25000 100000 0 100000 25000 20000 50000 100000 50000 20000 
12500 12500 20000 25000 20000 12500 12500 20000 25000 20000 20000 20000 50000 100000 50000 25000 25000 100000 0 100000 20000 20000 50000 100000 50000 
20000 12500 12500 20000 25000 20000 12500 12500 20000 25000 50000 20000 20000 50000 100000 100000 25000 25000 100000 0 50000 20000 20000 50000 100000 
100000 50000 20000 20000 50000 25000 20000 12500 12500 20000 25000 20000 12500 12500 20000 100000 50000 20000 20000 50000 0 100000 25000 25000 100000 
50000 100000 50000 20000 20000 20000 25000 20000 12500 12500 20000 25000 20000 12500 12500 50000 100000 50000 20000 20000 100000 0 100000 25000 25000 
20000 50000 100000 50000 20000 12500 20000 25000 20000 12500 12500 20000 25000 20000 12500 20000 50000 100000 50000 20000 25000 100000 0 100000 25000 
20000 20000 50000 100000 50000 12500 12500 20000 25000 20000 12500 12500 20000 25000 20000 20000 20000 50000 100000 50000 25000 25000 100000 0 100000 
50000 20000 20000 50000 100000 20000 12500 12500 20000 25000 20000 12500 12500 20000 25000 50000 20000 20000 50000 100000 100000 25000 25000 100000 0 
